start=1502.327844
pause=yes
volume=80.000000
